136261
136110
136017
135766
135659
135533
135381
135341
135252
135173
135095
135083
135080
134873
134435
134422
134420
134379
134052
134039
133949
133788
133783
133709
133645
133606
133516
133509
133456
133401
133380
133206
133187
133067
133046
132823
132781
132725
132670
132585
132569
132346
132322
132244
132225
132213
132185
132176
132079
132049
132014
131958
131928
131796
131698
131693
131545
131467
131411
131112
130907
130903
130900
130889
130882
130762
130712
130702
130527
130226
130175
130045
129902
129549
129425
129409
129370
129332
129324
129206
129094
129073
129045
129023
128976
128735
128681
128426
128357
128350
128144
127454
127439
127426
127345
127171
126771
126458
126423
126416
126241
126125
126072
126041
125787
125666
125538
125452
125305
125215
125094
125022
124988
124816
124748
124668
124286
124274
124112
123876
123646
123584
123524
123519
123493
123436
123429
123411
123408
123269
123171
123079
122956
122951
122931
122874
122823
122820
122784
122677
122639
122409
122407
122359
122205
122172
122158
122054
122035
122011
121963
121746
121587
121579
121394
121311
121296
121225
120925
120824
120687
120652
120524
120392
120381
120353
120236
119916
119904
119647
119512
119441
119403
119398
119105
118987
118882
118673
118457
118391
118333
118293
118079
117981
117835
117809
117754
117727
117695
117640
117622
117509
117410
117394
117356
117187
117163
117140
117060
117032
116952
116940
116879
116789
116777
116663
116659
116518
116432
116115
116112
116091
115878
115814
115811
115501
115406
115335
115316
115283
115208
115205
114591
114486
114473
114317
114300
114251
114219
114180
114078
113992
113952
113860
113702
113626
113321
113305
113251
113213
113207
113196
113129
113125
113113
113093
113016
112851
112723
112667
112620
112617
112584
112291
111839
111828
111780
111737
111594
111408
111290
111090
110794
110702
110629
110586
110280
110254
110050
110012
109892
109856
109339
109293
109217
109044
108964
108702
108153
108055
108036
108011
107978
107785
107687
107579
107567
107556
107540
107499
107293
107077
106966
106865
106780
106773
106768
106750
106741
106643
106608
106586
106503
106500
106498
106454
106447
106379
106362
106350
106265
106136
106069
105812
105625
105561
105521
105507
105489
105310
105227
105216
105129
105117
105102
105079
104841
104755
104746
104668
104622
104430
104320
104315
104216
104189
104159
103883
103799
103759
103707
103678
103636
103490
103358
103283
103255
102995
102920
102847
102744
102647
102631
102581
102176
102172
102085
102079
102042
101873
101644
101576
101397
101372
101354
101337
101271
101211
101108
101026
100938
100910
100734
100733
100686
100675
100208
100127
99883
99849
99693
99671
99658
99649
99579
99485
99462
99442
99384
98798
98782
98762
98747
98709
98670
98388
98376
98076
98069
97876
97848
97845
97711
97620
97328
97299
97285
97203
97116
97048
96960
96894
96889
96716
96498
96379
96333
96276
96163
95839
95670
95595
95583
95523
95466
95447
95443
95269
95115
95050
95004
94803
94756
94728
94669
94647
94409
94220
94218
94172
94148
94057
93898
93788
93593
93359
93328
93243
93229
93194
93104
93095
93079
93070
92822
92765
92729
92696
92582
92543
92508
92442
92256
92248
92245
92201
92161
92092
92053
92049
91835
91827
91768
91715
91632
91520
91332
91330
91262
91240
91197
91068
91058
90952
90832
90829
90609
90569
90422
90276
90263
90241
90194
90182
89875
89846
89838
89750
89644
89537
89520
89337
89319
89192
89152
88933
88809
88744
88704
88650
88574
88525
88462
88349
88217
88012
87962
87940
87898
87884
87613
87602
87585
87282
87261
86933
86781
86674
86566
86328
86161
85915
85750
85746
85661
85632
85618
85594
85573
85570
85569
85561
85540
85484
85463
85348
85286
85224
85169
85116
85045
84518
84466
84257
84164
84098
84091
84081
83890
83538
83502
83432
83368
83231
83109
83108
83100
83016
83010
82935
82928
82821
82747
82560
82500
82390
82373
82368
82295
82238
82142
82039
81916
81818
81809
81774
81700
81432
81377
81364
81265
81247
80877
80860
80828
80666
80562
80551
80321
80214
80054
79541
79358
79139
79107
79038
78863
78707
78674
78663
78661
78609
78365
78314
78202
78168
78157
77890
77796
77776
77702
77690
77664
77614
77585
77559
77534
77391
77373
77161
77028
76838
76771
76635
76633
76553
76526
76518
76487
76024
75802
75633
75627
75580
75369
75327
75320
75301
75158
74961
74871
74780
74713
74687
74656
74613
74598
74134
74103
74064
73950
73629
73199
73061
72989
72978
72950
72781
72611
72494
72420
72378
72354
72132
72066
71916
71594
71534
71494
71482
71311
71262
71216
71170
71003
70944
70802
70754
70744
70709
70690
70610
70573
70564
70547
70516
70503
70358
70279
70251
70018
69776
69713
69644
69624
69529
69410
69260
69158
68953
68940
68676
68660
68587
68449
68446
68436
68425
68367
68273
68242
68096
68064
68058
68035
68016
68010
67880
67813
67743
67641
67586
67561
67544
67511
67376
67340
67316
67189
67187
66972
66958
66827
66728
66244
66047
65807
65630
65583
65520
65269
65016
64989
64909
64715
64685
64547
64495
64477
64379
64251
64066
64006
63807
63723
63435
63343
63267
63071
63064
63057
62876
62666
61933
61780
61770
61761
61638
61593
61525
61480
61414
61405
61340
61323
61297
61161
61143
61081
61064
60976
60870
60607
60451
60448
60411
60263
60217
60110
60047
59942
59842
59624
59596
59553
59473
59457
59448
59314
59149
59054
58875
58874
58817
58693
58235
58208
58135
57819
57763
57526
57478
57436
57395
57377
57360
57183
57091
57002
56954
56896
56731
56693
56663
56611
56593
56562
56477
56458
56444
55957
55917
55849
55722
55543
55527
55473
55444
55361
55288
55217
55187
55171
55118
54983
54744
54682
54589
54459
54318
54317
54315
54265
54230
54093
53938
53928
53861
53818
53810
53630
53550
53538
53499
53354
53267
53107
53054
53051
52895
52861
52846
52773
52589
52540
52348
52346
52170
52164
52065
52031
52010
51989
51965
51894
51761
51729
51677
51666
51598
51521
51520
51512
51501
51464
51457
51272
51241
51240
51230
51200
51198
51034
50978
50842
50621
50585
50518
50376
50280
50169
50117
50057
50013
49928
49863
49813
49679
49615
49446
49396
49180
49143
49115
49023
49001
48988
48987
48969
48954
48949
48905
48904
48772
48699
48659
48567
48547
48426
48375
48367
48309
48092
47980
47970
47901
47897
47543
47431
47255
47246
47189
47119
47060
47059
47054
47030
46926
46866
46843
46830
46641
46451
46450
46419
46195
46193
46111
46102
46071
45576
45556
45300
45181
45080
45048
44972
44953
44886
44754
44505
44466
44389
44362
43984
43967
43944
43871
43864
43840
43804
43723
43683
43427
43389
43364
43210
23604
23576
23436
23291
23261
23116
23085
22822
22763
22597
22317
22157
22031
22002
21825
21755
21667
21490
21464
21082
20935
20831
20824
20692
20515
20466
20368
20208
20159
20135
20073
20072
19804
19753
19718
19661
19647
19639
19570
19331
19111
18991
18943
18935
18928
18892
18825
18693
18567
18508
18470
18363
18126
18120
17874
17860
17711
17612
17548
17546
17502
17375
17268
17256
17192
17154
17071
17069
16821
16817
16707
16687
16532
16500
16398
16284
16151
16046
15940
15784
15672
15604
15397
15215
15114
14890
14613
14544
14516
14309
14231
14109
14092
14086
14077
13821
13719
13662
13654
13598
13542
13495
13461
13319
13290
13042
13004
12942
12868
12832
12810
12660
12584
12513
12388
12378
12328
12323
12080
11543
11335
11080
10960
10842
10799
10474
10466
10445
10350
10315
10058
10034
9585
9531
9352
9305
9154
9148
8896
8753
8503
8478
8422
8219
7862
7800
7285
7265
7208
6928
6889
6870
6856
6759
6690
6252
5765
5741
5579
5437
5269
5011
4895
4885
4815
4571
4536
4351
4302
3754
3671
3658
3341
3234
2822
2642
2034
1855
1730
1435
1360
1107
1027
746
