13199
96047
61084
13792
106958
51128
131229
69116
52926
13997
75572
102316
10161
113672
110088
73568
119632
105850
134418
101032
20040
131268
44865
66423
133905
88591
131053
44768
112419
132173
49151
81301
57487
67664
50414
102171
93974
122587
114392
22967
66040
56911
100942
105259
79105
103735
60251
97927
46063
95352
109426
84147
65227
61493
132259
123515
4325
97205
46494
56031
87617
122365
14420
68692
129096
103726
112739
118098
111849
79291
118883
68072
55392
69764
125864
91090
120960
132507
64068
64711
57911
133559
132732
88027
127616
82283
68079
120958
43738
112881
86898
101055
81369
95798
7286
15105
88547
97104
134516
105320
84402
107261
90342
132949
45795
81018
80033
67857
123930
19840
51853
88070
131812
17630
108666
132950
111110
5378
9586
70588
45880
97782
111510
80942
3812
103731
112350
49821
1731
120705
456
73898
79788
62435
57168
100223
8526
60511
49458
80376
84885
49100
118781
136136
68102
63436
44443
5740
102423
71997
78491
110602
72809
130236
62480
54750
22691
118825
16513
120240
125289
79453
65146
71006
22198
6094
134648
77443
69385
73953
95330
76242
71752
66736
18793
109143
109579
60784
120102
59038
126986
51355
97181
14624
79048
130206
45018
82786
99019
72483
59139
97106
13204
101471
90917
52274
107847
43230
75386
62929
90101
134292
107848
91143
115503
67057
14604
96252
96040
98603
124893
91608
135184
117783
109423
46916
129149
85502
126566
50285
66522
46745
71434
60007
58312
99976
99738
4800
107509
61087
16499
80796
62750
46720
90751
65202
132598
107502
113800
77593
65768
53177
44153
61254
73459
68805
18716
95774
75908
131903
127147
19999
114106
51577
114640
105008
3273
82163
123384
53960
65472
8332
97710
55672
68115
50469
81867
57483
19546
111861
135494
18046
58074
6378
82215
21338
116933
20594
97350
104880
105221
103108
116909
101686
74374
52267
134250
85999
49002
118068
77055
77272
87352
71970
9850
66505
91503
65360
134916
91823
112800
57174
130565
63862
63582
12345
70122
89110
5256
84316
126951
79791
50632
103197
62564
112950
63275
87384
94212
49477
81915
48850
116741
54581
51944
91947
90372
115897
53937
53773
70278
129778
45855
1466
80019
47288
54727
93842
130647
112601
67068
104618
83841
48091
44692
133869
100065
95086
81354
83120
108124
55549
20862
101672
90105
116926
127593
118516
96178
81447
67968
65473
63164
127941
79620
126248
7383
47204
1769
101513
66639
123353
84122
16974
110404
113517
8903
44590
113743
108351
79124
86722
67024
45031
127665
60377
110784
81410
72047
14789
50669
20566
16811
63813
64555
124051
113377
23278
82959
59933
21890
61037
68335
18076
108068
17967
108900
47258
63888
118631
86649
53501
131805
79309
105975
118128
73812
10786
118997
19405
82502
6049
45929
80924
64908
120160
134927
60582
78864
59497
90236
21659
90536
82643
83074
115459
45533
133180
69244
120489
5979
79748
4468
84039
49245
117912
51499
13500
83511
84015
92156
19746
105400
16815
103161
79059
88969
15254
79142
48505
43620
94947
79424
93106
50244
133073
100129
131949
131039
134763
118266
134973
59086
94267
57835
79624
81951
76935
15894
87792
86326
51962
87524
74245
67512
109213
116404
122846
134531
97239
43421
18973
60563
72528
8755
131931
69329
76819
75180
102389
64061
55988
50181
61653
117339
99493
80500
108607
129848
67091
95836
70852
16194
55510
68615
119399
92668
81862
45770
15102
18407
124993
50603
93670
86662
18525
64387
61778
53040
82620
51214
90585
76811
49745
107723
130404
54951
97058
92093
53266
80870
136001
45520
128172
129735
4120
93715
119637
110978
61692
60144
133815
131528
90696
73809
58845
88590
2502
87730
115258
90310
107572
119233
123449
16729
92373
17694
79733
18770
116462
76316
78132
61659
93018
101416
86773
10251
79244
82591
102755
53121
57046
73474
84741
54580
116554
107009
46432
53142
65876
45562
117493
108909
134940
53964
