136256
135644
135504
135429
134520
134408
134291
134190
133979
133871
133813
133114
133051
133014
132730
132679
132227
132032
131948
131836
131808
131737
131608
131553
131504
131428
131231
131186
131093
130886
130810
130451
130252
130143
129651
129534
128957
128833
127742
127694
127647
127381
127246
126884
126637
126513
126510
126358
126026
125851
125597
125565
125563
125521
125300
125290
125250
125117
124685
124654
124440
124418
123000
122763
122752
122686
122643
122560
122462
122364
122074
121732
121680
121640
121352
121171
121157
120819
120809
120644
120025
120006
119392
119243
119039
118676
118431
118291
117915
117821
117767
117606
117510
117470
117264
116967
116916
116707
116507
116109
115586
114847
114806
114735
114681
114644
114586
114573
114521
114328
114211
113879
113830
113687
113630
113618
113600
113508
113235
112709
112371
112120
111990
111948
111910
111905
111872
111841
111568
111340
111306
111244
111117
109994
109594
109333
109254
109214
109195
109101
108940
108890
108640
108601
108492
108399
108223
107901
107379
107249
107162
107059
106702
106697
106595
106008
105950
105587
105499
105428
105405
105219
105214
105199
104828
104573
104259
104144
103966
103955
103746
103615
103528
103296
103282
102873
102319
102307
102013
101949
101420
101018
100955
100880
100780
100266
99871
99563
99436
99292
99276
99212
98891
98759
98654
97894
97840
97795
96923
96337
96219
96164
96005
95865
95505
95324
95027
95009
94721
94371
94278
93730
93142
93130
92909
92908
92628
92577
92506
91905
91732
91630
91603
91531
91438
91386
91271
91114
91072
91012
90986
90980
90930
90740
90735
90729
90712
90306
90207
90137
90020
89863
89810
89771
89555
89330
89252
89191
89064
88900
88846
88818
88748
88706
88427
88422
87782
87523
87216
87188
87158
86820
86754
86539
86126
85792
85673
85546
84984
84896
84486
84246
84245
84198
84113
84026
84024
83967
83771
83649
83420
83289
83258
83047
83029
82881
82566
82507
82495
82366
82288
82270
82164
82060
81970
81817
81615
81498
81161
81136
80849
80489
80352
80216
79433
78914
78866
78783
78658
77514
77423
77148
76949
76539
76493
76182
76079
76031
75913
74866
74008
73870
73771
73133
72677
72676
72578
72541
72537
72439
72388
72358
72146
72120
72086
72026
71995
71806
71782
70730
70675
70580
70418
70162
70008
69958
69951
69838
69722
69538
69511
69485
69357
69214
68913
68864
68223
67883
67773
67688
67639
67313
67115
67036
66817
66565
66539
66450
66219
66022
65971
65830
65690
65083
65063
65059
65033
64902
64829
64770
64250
64196
64097
64067
63992
62917
62643
62393
62117
62063
62056
62048
62013
61811
61683
61524
61450
61137
61110
60629
60345
60255
60205
60139
60096
59815
59758
59279
58869
58667
58561
58340
58333
58017
57889
57721
57539
57528
57324
57250
57237
57192
56435
56416
56070
56007
55908
55845
55843
55602
55534
55270
54911
54774
54517
54264
54120
54045
53972
53870
53664
53566
52927
52848
52700
52653
52533
52460
52457
52449
52385
52311
52189
52186
52123
52074
51988
51959
51920
51807
51769
51670
51623
51567
51564
51527
51502
51472
51163
50928
50626
50574
50478
50173
49930
49766
49356
49146
48782
48731
48591
48060
47773
47619
47501
47322
47253
47185
47100
46758
46642
46576
46479
46415
46381
46075
46057
45912
45544
45448
45404
45226
45131
44958
44491
44454
43860
43668
43615
43508
43482
43375
43227
24159
23440
23358
23299
23148
23142
23048
22893
22739
22714
22074
21802
21185
21173
20559
20288
19922
19912
19849
19834
19669
19174
19102
18896
18815
18294
18222
18089
18013
17992
17305
17066
16976
16468
15399
15355
14998
14450
14228
14028
13981
13697
13667
13394
13381
13303
13139
13005
12831
12719
12534
12479
12338
12254
11969
10972
10618
10476
10374
10274
10003
9518
9210
9192
9070
8962
8868
8221
7916
7886
7813
7679
7389
6906
6754
6388
4708
3359
2737
2286
1775
1324
